double qmatrix[21][21] = { 
{0,0,0,0,0,0,0,0,0,0,0,0,0,0,0,0,0,0,0,0,0},
{0, 0.0065, 0.0008, 0.0009, 0.0002, 0.0007, 0.0004, 0.0004, 0.0004, 0.0001, 0.0004, 0.0001, 0.0003, 0.0003, 0.0002, 0.0002, 0.0002, 0.0003, 0.0002, 0.0003, 0.0003},
{0, 0.0008, 0.0183, 0.0042, 0.0012, 0.0054, 0.0030, 0.0026, 0.0016, 0.0005, 0.0012, 0.0005, 0.0012, 0.0012, 0.0008, 0.0005, 0.0008, 0.0009, 0.0008, 0.0009, 0.0009},
{0, 0.0009, 0.0042, 0.0102, 0.0006, 0.0022, 0.0014, 0.0015, 0.0013, 0.0003, 0.0008, 0.0005, 0.0009, 0.0010, 0.0007, 0.0007, 0.0006, 0.0009, 0.0015, 0.0009, 0.0010},
{0, 0.0002, 0.0012, 0.0006, 0.0040, 0.0049, 0.0025, 0.0023, 0.0013, 0.0004, 0.0007, 0.0004, 0.0010, 0.0009, 0.0005, 0.0007, 0.0005, 0.0007, 0.0004, 0.0008, 0.0009},
{0, 0.0007, 0.0054, 0.0022, 0.0049, 0.0371, 0.0114, 0.0095, 0.0044, 0.0016, 0.0021, 0.0014, 0.0033, 0.0024, 0.0014, 0.0016, 0.0015, 0.0020, 0.0010, 0.0024, 0.0025},
{0, 0.0004, 0.0030, 0.0014, 0.0025, 0.0114, 0.0184, 0.0120, 0.0032, 0.0011, 0.0014, 0.0010, 0.0027, 0.0017, 0.0010, 0.0009, 0.0012, 0.0012, 0.0006, 0.0012, 0.0016},
{0, 0.0004, 0.0026, 0.0015, 0.0023, 0.0095, 0.0120, 0.0196, 0.0051, 0.0014, 0.0018, 0.0012, 0.0036, 0.0024, 0.0012, 0.0012, 0.0013, 0.0017, 0.0006, 0.0016, 0.0019},
{0, 0.0004, 0.0016, 0.0013, 0.0013, 0.0044, 0.0032, 0.0051, 0.0215, 0.0016, 0.0058, 0.0022, 0.0037, 0.0063, 0.0019, 0.0019, 0.0022, 0.0030, 0.0011, 0.0023, 0.0033},
{0, 0.0001, 0.0005, 0.0003, 0.0004, 0.0016, 0.0011, 0.0014, 0.0016, 0.0119, 0.0008, 0.0004, 0.0009, 0.0010, 0.0004, 0.0003, 0.0004, 0.0004, 0.0002, 0.0004, 0.0005},
{0, 0.0004, 0.0012, 0.0008, 0.0007, 0.0021, 0.0014, 0.0018, 0.0058, 0.0008, 0.0378, 0.0014, 0.0022, 0.0038, 0.0029, 0.0014, 0.0025, 0.0019, 0.0010, 0.0017, 0.0025},
{0, 0.0001, 0.0005, 0.0005, 0.0004, 0.0014, 0.0010, 0.0012, 0.0022, 0.0004, 0.0014, 0.0191, 0.0014, 0.0017, 0.0009, 0.0008, 0.0012, 0.0014, 0.0005, 0.0010, 0.0016},
{0, 0.0003, 0.0012, 0.0009, 0.0010, 0.0033, 0.0027, 0.0036, 0.0037, 0.0009, 0.0022, 0.0014, 0.0125, 0.0047, 0.0022, 0.0014, 0.0019, 0.0020, 0.0007, 0.0018, 0.0023},
{0, 0.0003, 0.0012, 0.0010, 0.0009, 0.0024, 0.0017, 0.0024, 0.0063, 0.0010, 0.0038, 0.0017, 0.0047, 0.0126, 0.0031, 0.0019, 0.0028, 0.0030, 0.0011, 0.0023, 0.0031},
{0, 0.0002, 0.0008, 0.0007, 0.0005, 0.0014, 0.0010, 0.0012, 0.0019, 0.0004, 0.0029, 0.0009, 0.0022, 0.0031, 0.0141, 0.0015, 0.0037, 0.0022, 0.0014, 0.0020, 0.0024},
{0, 0.0002, 0.0005, 0.0007, 0.0007, 0.0016, 0.0009, 0.0012, 0.0019, 0.0003, 0.0014, 0.0008, 0.0014, 0.0019, 0.0015, 0.0073, 0.0016, 0.0035, 0.0010, 0.0025, 0.0031},
{0, 0.0002, 0.0008, 0.0006, 0.0005, 0.0015, 0.0012, 0.0013, 0.0022, 0.0004, 0.0025, 0.0012, 0.0019, 0.0028, 0.0037, 0.0016, 0.0213, 0.0049, 0.0010, 0.0016, 0.0024},
{0, 0.0003, 0.0009, 0.0009, 0.0007, 0.0020, 0.0012, 0.0017, 0.0030, 0.0004, 0.0019, 0.0014, 0.0020, 0.0030, 0.0022, 0.0035, 0.0049, 0.0161, 0.0014, 0.0027, 0.0041},
{0, 0.0002, 0.0008, 0.0015, 0.0004, 0.0010, 0.0006, 0.0006, 0.0011, 0.0002, 0.0010, 0.0005, 0.0007, 0.0011, 0.0014, 0.0010, 0.0010, 0.0014, 0.0093, 0.0012, 0.0012},
{0, 0.0003, 0.0009, 0.0009, 0.0008, 0.0024, 0.0012, 0.0016, 0.0023, 0.0004, 0.0017, 0.0010, 0.0018, 0.0023, 0.0020, 0.0025, 0.0016, 0.0027, 0.0012, 0.0178, 0.0062},
{0, 0.0003, 0.0009, 0.0010, 0.0009, 0.0025, 0.0016, 0.0019, 0.0033, 0.0005, 0.0025, 0.0016, 0.0023, 0.0031, 0.0024, 0.0031, 0.0024, 0.0041, 0.0012, 0.0062, 0.0161} 
};

double blosum62_smatrix[21][21] = {
{0,0,0,0,0,0,0,0,0,0,0,0,0,0,0,0,0,0,0,0,0},
{0, 5.2520, 0.4588, 1.0771,-0.7124,-0.8159,-1.2903,-1.4171,-1.2634,-1.1521,-1.2457,-1.8271,-1.2145,-1.3759,-1.8480,-0.9732,-2.1072,-1.4177,-1.1711,-1.3397,-1.4782},
{0, 0.4588, 3.0230, 1.4696, 0.0063, 0.2074,-0.0804,-0.4245,-1.1050,-1.1877,-1.5537,-1.7986,-1.0538,-1.1845,-1.4970,-1.5822,-1.7419,-1.5962,-0.6171,-1.3932,-1.5393},
{0, 1.0771, 1.4696, 3.2975,-0.4974,-0.5310,-0.6657,-0.6038,-0.8820,-1.2036,-1.5199,-1.4599,-0.8030,-0.8429,-1.0409,-0.7105,-1.5325,-1.0102, 0.8463,-0.8469,-0.9100},
{0,-0.7124, 0.0063,-0.4974, 2.6963, 0.9959, 0.5634, 0.3436,-0.4676,-0.7099,-1.3383,-1.2382,-0.3331,-0.7404,-1.0754,-0.2105,-1.5293,-0.9990,-0.7756,-0.6836,-0.6774},
{0,-0.8159, 0.2074,-0.5310, 0.9959, 1.9247, 0.7608, 0.3942,-0.7323,-0.6387,-1.8135,-1.4300,-0.5987,-1.2213,-1.6895,-1.0670,-1.8028,-1.4232,-1.3934,-1.0773,-1.2234},
{0,-1.2903,-0.0804,-0.6657, 0.5634, 0.7608, 1.9993, 1.2735,-0.6609,-0.6138,-1.8624,-1.3783,-0.3588,-1.1741,-1.6085,-1.3848,-1.5606,-1.5972,-1.6158,-1.4951,-1.3351},
{0,-1.4171,-0.4245,-0.6038, 0.3436, 0.3942, 1.2735, 1.8845,-0.0947,-0.4038,-1.5694,-1.1744,-0.0278,-0.8231,-1.4382,-1.0992,-1.5713,-1.2211,-1.5587,-1.2513,-1.1312},
{0,-1.2634,-1.1050,-0.8820,-0.4676,-0.7323,-0.6609,-0.0947, 1.9646,-0.2043, 0.0798,-0.4071,-0.0227, 0.5579,-0.7654,-0.4020,-0.8767,-0.4319,-0.8126,-0.7068,-0.3670},
{0,-1.1521,-1.1877,-1.2036,-0.7099,-0.6387,-0.6138,-0.4038,-0.2043, 4.2911,-1.2502,-1.3976,-0.4333,-0.4375,-1.3299,-1.4509,-1.7300,-1.8062,-1.4939,-1.6946,-1.5182},
{0,-1.2457,-1.5537,-1.5199,-1.3383,-1.8135,-1.8624,-1.5694, 0.0798,-1.2502, 2.7816,-1.0668,-0.7877,-0.1462,-0.2114,-0.8926,-0.6568,-1.0551,-1.0204,-1.1521,-0.7640},
{0,-1.8271,-1.7986,-1.4599,-1.2382,-1.4300,-1.3783,-1.1744,-0.4071,-1.3976,-1.0668, 3.6823,-0.5376,-0.4045,-1.0002,-0.6410,-0.7401,-0.5581,-1.0805,-1.0543,-0.5068},
{0,-1.2145,-1.0538,-0.8030,-0.3331,-0.5987,-0.3588,-0.0278,-0.0227,-0.4333,-0.7877,-0.5376, 2.2727, 0.6906,-0.0230,-0.3377,-0.5254,-0.4316,-0.8429,-0.5612,-0.3348},
{0,-1.3759,-1.1845,-0.8429,-0.7404,-1.2213,-1.1741,-0.8231, 0.5579,-0.4375,-0.1462,-0.4045, 0.6906, 1.9422, 0.3005,-0.0506,-0.1305,-0.0735,-0.4408,-0.3824,-0.1017},
{0,-1.8480,-1.4970,-1.0409,-1.0754,-1.6895,-1.6085,-1.4382,-0.7654,-1.3299,-0.2114,-1.0002,-0.0230, 0.3005, 2.8266, 0.0008, 0.6358,-0.1340, 0.2892,-0.2199,-0.0895},
{0,-0.9732,-1.5822,-0.7105,-0.2105,-1.0670,-1.3848,-1.0992,-0.4020,-1.4509,-0.8926,-0.6410,-0.3377,-0.0506, 0.0008, 2.6426,-0.1567, 0.9273, 0.2240, 0.4914, 0.6363},
{0,-2.1072,-1.7419,-1.5325,-1.5293,-1.8028,-1.5606,-1.5713,-0.8767,-1.7300,-0.6568,-0.7401,-0.5254,-0.1305, 0.6358,-0.1567, 2.8871, 0.7552,-0.5595,-0.8029,-0.3509},
{0,-1.4177,-1.5962,-1.0102,-0.9990,-1.4232,-1.5972,-1.2211,-0.4319,-1.8062,-1.0551,-0.5581,-0.4316,-0.0735,-0.1340, 0.9273, 0.7552, 2.4514,-0.0588,-0.0577, 0.3877},
{0,-1.1711,-0.6171, 0.8463,-0.7756,-1.3934,-1.6158,-1.5587,-0.8126,-1.4939,-1.0204,-1.0805,-0.8429,-0.4408, 0.2892, 0.2240,-0.5595,-0.0588, 3.7555,-0.1249,-0.3605},
{0,-1.3397,-1.3932,-0.8469,-0.6836,-1.0773,-1.4951,-1.2513,-0.7068,-1.6946,-1.1521,-1.0543,-0.5612,-0.3824,-0.2199, 0.4914,-0.8029,-0.0577,-0.1249, 2.7367, 1.0544},
{0,-1.4782,-1.5393,-0.9100,-0.6774,-1.2234,-1.3351,-1.1312,-0.3670,-1.5182,-0.7640,-0.5068,-0.3348,-0.1017,-0.0895, 0.6363,-0.3509, 0.3877,-0.3605, 1.0544, 2.2523}
};
